time,x,y,z,phi,theta,psi,x_velocity,y_velocity,z_velocity,phi_velocity,theta_velocity,psi_velocity,rotor_speed1,rotor_speed2,rotor_speed3,rotor_speed4
0.06,-0.01224522434372615,0.008900732142684551,10.01814426778404,0.8923680815224113,0.8923680815224149,0.0,-0.68518429802082,0.44101116944236707,0.36826412080272536,10.818055942632736,10.818055942632736,0.0,5.433823963701956e-13,900.0,1.670010715315584e-05,900.0
0.12000000000000001,-0.06658797955382482,0.04785090808110075,10.04782531204241,1.2278153669970262,1.2278153669970298,0.0,-0.5924141467831485,0.8389815779370121,0.5740953068670978,19.278899431920628,19.278899431920628,0.0,2.032534080279036e-12,900.0,2.7960693842032924e-05,900.0
0.18,-0.11383983326982315,0.11010458652202863,10.08034561083059,0.6341072300116721,0.6341115662692083,0.0,-0.460337567426683,0.9719953795422707,0.6519914360413854,24.35444912172528,24.354451573770802,0.0,6.744337865960404e-10,900.0,0.0006970051908865571,899.9998779296875
0.23999999999999996,-0.17311689277566283,0.17605720584239082,10.121070225119084,3.2632199766261074,3.2632232835192383,0.0,-1.5081462932705183,0.9203311854968839,0.7150728134827673,26.880192276942473,26.880193414151897,0.0,4.652743468280818e-10,900.0,0.000434803863754496,900.0
0.3,-0.2455238204675922,0.242338726822617,10.177827332067158,5.127135260765815,5.12713836581708,0.0,-0.6263458020150975,1.3057703651712063,0.8672058124839821,28.01186263634946,28.011863128398307,0.0,3.6105933780977706e-12,900.0,3.080948954448104e-05,900.0
0.36000000000000004,-0.2529377036655033,0.3050247799403851,10.231266535164039,0.5769982597032435,0.5770013391480724,0.0,0.08174578596660312,0.9041881465008881,1.1860673797832115,28.493971584610644,28.49397179098421,0.0,2.5138511064448643e-11,900.0,8.54484096635133e-05,900.0
0.4200000000000001,-0.2794352403575725,0.375039991641162,10.304368213223029,2.298534313970917,2.2985373943655016,0.0,-1.1088563527286974,1.2323096467999581,1.0316096033506852,28.694840373649217,28.69484045906459,0.0,2.9750972518893803e-11,900.0,0.00022638170048594475,900.0
0.48000000000000015,-0.3664833627252608,0.4346104530186508,10.37739557911943,4.023416324465261,4.023419407317103,0.0,-1.4518074586392513,1.007284984305931,1.5526442142080654,28.77774789583124,28.777747930988568,0.0,1.2980879392221478e-12,900.0,1.882552714960184e-05,900.0
0.5400000000000001,-0.4158715259650799,0.5065927711507338,10.463787389045612,5.751100565371448,5.751103649588805,0.0,-0.155888365038449,1.103715088082783,1.2604252032251497,28.81183405517874,28.811834069616644,0.0,5.876106892732658e-12,900.0,4.133284164709039e-05,900.0
0.6000000000000002,-0.416344104097235,0.5650460191223324,10.557531592385905,1.196994235370802,1.1969973202089514,0.0,-0.21274242145775943,1.1400212413271447,1.8374156046805108,28.825825497523127,28.825825503446715,0.0,1.2145992545065099e-11,900.0,5.4117528634378687e-05,900.0
0.6600000000000003,-0.4695248176630912,0.6363502411912698,10.656436234404293,2.9266867644159476,2.9266898495189224,0.0,-1.488310094057479,0.9660715929220725,1.5768661692507646,28.831564803391935,28.83156480582133,0.0,1.2678431167336551e-13,900.0,6.266734544624342e-06,900.0
0.7200000000000003,-0.5548004944251697,0.696419858783714,10.770922304355636,4.656637892164309,4.656640977377599,0.0,-1.0227558993472967,1.2568602608961015,2.043144877280281,28.833918433729085,28.833918434725273,0.0,8.311423923233752e-13,900.0,1.464906472392613e-05,900.0
0.7800000000000004,-0.5770153658740819,0.7648213279744545,10.883243026814664,0.10351092580328469,0.10351401106209579,0.0,0.10625243627095857,0.8733663626826571,1.957505490391318,28.834883525774632,28.834883526183102,0.0,2.7671766787695784e-12,900.0,2.6714400519267656e-05,900.0
0.8400000000000004,-0.5869235350848474,0.8281900485037605,11.016169831928432,1.8336134245334161,1.8336165098109394,0.0,-0.7118913807453273,1.3001184446660754,2.186446840022267,28.835279237912086,28.83527923807957,0.0,1.8560007697399072e-10,900.0,0.0003220590006094426,900.0
0.9000000000000005,-0.6635927609854338,0.8921960735499842,11.144300882145675,3.5637340620511146,3.563737147336319,0.0,-1.5795450680430483,0.8660822869210372,2.375098315337474,28.835441486852137,28.835441486920807,0.0,8.340990252002703e-14,900.0,4.634613560483558e-06,900.0
0.9600000000000005,-0.7311198783848993,0.9597599856455167,11.29342782071965,5.293862142326764,5.293865227615118,0.0,-0.48127824544247894,1.2636431174150418,2.3258844853138605,28.835508011261652,28.835508011289807,0.0,3.0227984828753995e-13,900.0,8.451715984847397e-06,900.0
1.0200000000000005,-0.7346144284287902,1.0197010740436823,11.439407752831723,0.7408079679917758,0.7408110532814192,0.0,0.041110066497831624,0.9361739750793754,2.755823063981918,28.835535287144737,28.835535287156283,0.0,8.187562498644663e-13,900.0,1.3696423593501095e-05,900.0
1.0800000000000005,-0.7672659423815513,1.0898771726677208,11.60175526323853,2.470940352586256,2.4709434378764303,0.0,-1.2188728901817087,1.1462698485411686,2.5157748456587696,28.835546470601198,28.835546470605927,0.0,9.182237218838263e-13,900.0,3.8340618630172685e-05,900.0
1.1400000000000006,-0.8544935899060936,1.147630500479292,11.768041819353982,4.201073250440295,4.201076335730686,0.0,-1.3365074729145012,1.0666588855478438,3.079783182321571,28.83555105595712,28.835551055959062,0.0,2.4364394508001597e-14,900.0,2.3579814296681434e-06,900.0
1.2000000000000006,-0.8949138901099836,1.2186060003860526,11.942486886193599,5.931206358741546,5.931209444032028,0.0,-0.03522765231599245,1.0042743262206661,2.773928415386276,28.835552936009538,28.835552936010338,0.0,6.973705602786665e-14,900.0,3.864638983941404e-06,900.0
1.2600000000000007,-0.8954106927358557,1.2764839706435311,12.128473712706352,1.3781542461499017,1.3781573314404199,0.0,-0.32433201739868056,1.189773745934692,3.2981511445363365,28.835553706854128,28.835553706854455,0.0,1.3843498558856887e-13,900.0,5.1729189181060065e-06,900.0
1.3200000000000007,-0.9550556875179828,1.3450876064465078,12.315234179614492,3.108287476116571,3.1082905614071024,0.0,-1.5294522430191066,0.8881639670977441,3.1299724412868533,28.835554022909864,28.83555402291,0.0,1.104987831615533e-15,900.0,5.230689339441597e-07,900.0
1.3800000000000008,-1.0355750300222593,1.4058877049786225,12.520643645756767,4.838420720588974,4.838423805879513,0.0,-0.8512288781078028,1.275118240788969,3.4577376285053534,28.83555415249659,28.83555415249665,0.0,4.191183821034743e-15,900.0,9.202286719300901e-07,900.0
1.4400000000000008,-1.0500290367163763,1.4706744206893176,12.720943501342568,0.285368663829324,0.2853717491198644,0.0,0.13959923403580102,0.8364810787627209,3.5108075125108003,28.83555420562874,28.835554205628764,0.0,1.0432527881669689e-14,900.0,1.4160785895001027e-06,900.0
1.5000000000000009,-1.0642506623069985,1.5349684847990273,12.942108788984433,2.015501916687821,2.0155050019783634,0.0,-0.8457541416176081,1.262102484292157,3.5788530123555966,28.83555422741357,28.835554227413578,0.0,1.1021100481886648e-12,900.0,2.4531957024009898e-05,900.0
1.560000000000001,-1.1443131374569975,1.5952011149445142,13.159230586957808,3.7456351705461586,3.7456382558367025,0.0,-1.5209696866708249,0.8784925261850736,3.910611887668372,28.835554236345622,28.835554236345622,0.0,1.8606133507157835e-16,900.0,1.9245639748532994e-07,900.0
1.620000000000001,-1.2033332022423298,1.6633430459640153,13.394427819926118,5.475768424814444,5.4757715101049875,0.0,-0.31324720057821626,1.1830554247068346,3.719731633714714,28.83555424000787,28.83555424000787,0.0,4.725773630859481e-16,900.0,2.8994580247854174e-07,900.0
1.680000000000001,-1.2029567912517565,1.7202556939032283,13.629105859948815,0.9227163720712248,0.9227194573617687,0.0,-0.015541222031841412,0.979268701593864,4.229303529669639,28.83555424150944,28.83555424150944,0.0,1.0048716077445084e-15,900.0,4.1200257783202687e-07,900.0
1.740000000000001,-1.2420551420533872,1.7894016804315873,13.875574728154392,2.6528496265765096,2.6528527118670535,0.0,-1.3130138689350082,1.0386756541857518,3.94849995935159,28.835554242125095,28.835554242125095,0.0,1.3636921283768488e-15,900.0,1.3452707889882731e-06,900.0
1.8000000000000012,-1.3277119868762994,1.845567858067509,14.130452110469532,4.382982881110049,4.382985966400593,0.0,-1.191646036025066,1.1187075979659262,4.495080763629131,28.835554242377523,28.835554242377523,0.0,1.5941335429615794e-17,900.0,5.225451715773488e-08,900.0
1.8600000000000012,-1.3586848257962774,1.9140994223230834,14.387854703350726,6.113116135655176,6.11311922094572,0.0,0.07020817969230236,0.9023810833856601,4.2278210866115025,28.835554242481024,28.835554242481024,0.0,3.443312015063879e-17,900.0,7.33893870119573e-08,900.0
1.9200000000000013,-1.3601684236831828,1.9715424748975925,14.660185168295138,1.5600640830254653,1.5600671683160092,0.0,-0.4423259126055402,1.2107213256733633,4.6452508650434465,28.83555424252346,28.83555424252346,0.0,6.570826986334203e-17,900.0,9.822065294429194e-08,900.0
1.9800000000000013,-1.4252817207975297,2.0362061950188535,14.930061099335642,3.2901973375772897,3.2902004228678337,0.0,-1.5343948628354678,0.8248243052599175,4.605904058317758,28.83555424254086,28.83555424254086,0.0,2.982948998185465e-19,900.0,7.395521528508198e-09,900.0
2.0400000000000014,-1.499317449067924,2.097519978072208,15.21982300047579,5.020330592129913,5.0203336774204566,0.0,-0.6676843097108041,1.2560568352344939,4.764417769404538,28.835554242547992,28.835554242547992,0.0,8.904727507128289e-19,900.0,1.1474437400238457e-08,900.0
2.1000000000000014,-1.506544590855816,2.1579002721853113,15.50293178343791,0.46727853950327436,0.4672816247938183,0.0,0.15152532437759383,0.8182493587225957,4.957046865213866,28.83555424255092,28.83555424255092,0.0,1.6869672372868237e-18,900.0,1.5085422688798644e-08,900.0
2.1600000000000015,-1.5256070990986685,2.2222451544229562,15.805319571740014,2.1974117940563573,2.1974148793469013,0.0,-0.9686190054730517,1.185515951764902,4.881976713863332,28.835554242552117,28.835554242552117,0.0,2.3681871240971842e-16,900.0,3.2762551427367725e-07,900.0
2.2200000000000015,-1.6073418665084642,2.278489294489634,16.10600957816911,3.9275450486094954,3.9275481339000393,0.0,-1.4285762228323566,0.9017531179058386,5.321279188103117,28.83555424255261,28.83555424255261,0.0,1.65573188923045e-20,900.0,1.5491153915192513e-09,900.0
2.2800000000000016,-1.6568682130750432,2.3458889658277053,16.420128245718473,5.6576783031626565,5.6576813884532005,0.0,-0.150857123838472,1.0721678925911275,5.027676947910904,28.835554242552814,28.835554242552814,0.0,3.316654659922097e-20,900.0,2.04872874220996e-09,900.0
2.3400000000000016,-1.6536700181573907,2.3998553292795126,16.737064230350633,1.104626250536242,1.104629335826786,0.0,-0.08804341387752843,1.0169594414313563,5.561433439580256,28.835554242552895,28.835554242552895,0.0,5.696337929315797e-20,900.0,2.5740571896193387e-09,900.0
2.4000000000000017,-1.6989163454118525,2.466370201718804,17.060931591895603,2.8347595050894157,2.8347625903799596,0.0,-1.378324825443036,0.9221063722963243,5.299398033093833,28.835554242552927,28.835554242552927,0.0,1.0811193091166105e-19,900.0,1.0708844477846924e-08,900.0
2.4600000000000017,-1.7811130934210238,2.5211268989132476,17.397225112003127,4.564892759642593,4.564895844933137,0.0,-1.0233419752260149,1.149761884105783,5.764987778035911,28.83555424255294,28.83555424255294,0.0,4.831594067716521e-22,900.0,2.406984334069051e-10,900.0
2.520000000000002,-1.802633687424285,2.5857159052295287,17.730824977124694,0.011840707016183671,0.011843792306727607,0.0,0.1535475964010249,0.8084850329552948,5.582060009498041,28.83555424255295,28.83555424255295,0.0,8.345793957810807e-22,900.0,2.995894643476049e-10,900.0
2.580000000000002,-1.8060766477833676,2.6425400947564683,18.08147571381005,1.7419739615693608,1.7419770468599047,0.0,-0.5629067047921019,1.194130129725186,5.858499864266035,28.83555424255295,28.83555424255295,0.0,1.1032083272695295e-19,900.0,6.490709747453138e-09,900.0
2.640000000000002,-1.8754630091815223,2.7022192403832035,18.428038257611764,3.472107216122538,3.472110301413082,0.0,-1.5045152231333587,0.7772599356512557,5.960706633144636,28.83555424255295,28.83555424255295,0.0,3.778840951234952e-24,900.0,2.2108878963700285e-11,900.0
2.700000000000002,-1.9415553785041924,2.763405582010839,18.793649974316317,5.202240470675715,5.202243555966259,0.0,-0.47852221289358193,1.195777138876034,5.943584227211804,28.83555424255295,28.83555424255295,0.0,9.739918079774556e-24,900.0,3.12889020248619e-11,900.0
2.760000000000002,-1.942381939658832,2.8188044269857397,19.152621886738814,0.6491884180493059,0.6491915033398499,0.0,0.14308821375408853,0.8128027521815278,6.258342166736792,28.83555424255295,28.83555424255295,0.0,1.4391921556866963e-23,900.0,3.6241044887308504e-11,900.0
2.820000000000002,-1.9666727023250399,2.8819396422642263,19.527821561545096,2.379321672602483,2.379324757893027,0.0,-1.0766174077055701,1.0749573998406492,6.078622212915756,28.83555424255295,28.83555424255295,0.0,2.5510570494880638e-23,900.0,1.5889664584101126e-10,900.0
2.880000000000002,-2.0483302852665473,2.9341488988680298,19.904749036668864,4.10945492715566,4.109458012446204,0.0,-1.3058584894387162,0.9273937149566915,6.574970114505416,28.83555424255295,28.83555424255295,0.0,8.08012229328482e-26,900.0,2.8535136493285096e-12,900.0
2.940000000000002,-2.0877425731000203,2.9992253535780398,20.289377869629213,5.839588181708837,5.839591266999381,0.0,-0.001947251186490917,0.9395759951757623,6.230906074929546,28.83555424255295,28.83555424255295,0.0,1.3312522046265502e-25,900.0,3.3387305507087683e-12,900.0
3.000000000000002,-2.0828859049592996,3.0503239727895544,20.680371964153448,1.2865361290824282,1.2865392143729721,0.0,-0.17540902592405438,1.0376190536895018,6.731192271926199,28.83555424255295,28.83555424255295,0.0,1.777861615293867e-25,900.0,3.696117630708207e-12,900.0
3.0600000000000023,-2.1337863060324893,3.1126225897294755,21.073890560733833,3.0166693836356053,3.0166724689261493,0.0,-1.411702607613948,0.8071907834926942,6.538938161415569,28.83555424255295,28.83555424255295,0.0,2.570784252841553e-28,900.0,1.7426809778217645e-13,900.0
3.1200000000000023,-2.210804292862395,3.1659635752888695,21.48272441501639,4.7468026381887825,4.746805723479326,0.0,-0.8383432478131632,1.1502657060082735,6.872274915320099,28.83555424255295,28.83555424255295,0.0,8.987237492651345e-28,900.0,2.655841855030844e-13,900.0
3.1800000000000024,-2.223241615365469,3.225262556129355,21.88471519601542,0.19375058556237335,0.19375367085291728,0.0,0.21276911953136668,0.7290563396983273,6.803646527522952,28.83555424255295,28.83555424255295,0.0,1.271141592983272e-27,900.0,2.964275418008977e-13,900.0
3.2400000000000024,-2.229562330996256,3.280958841237764,22.30442093486732,1.9238838401155505,1.9238869254060944,0.0,-0.6824263579887663,1.1371220608538244,6.930350789307778,28.83555424255295,28.83555424255295,0.0,1.7412614275200067e-25,900.0,6.617505588640826e-12,900.0
3.3000000000000025,-2.301896486356217,3.334908467273458,22.72009047832695,3.6540170946687276,3.6540201799592715,0.0,-1.443471691610571,0.7432579830756453,7.165237667214234,28.83555424255295,28.83555424255295,0.0,3.015286514209516e-30,900.0,1.622263419789622e-14,900.0
3.3600000000000025,-2.3588949273455424,3.394966184293724,23.15200710135663,5.384150349221905,5.384153434512449,0.0,-0.2900258182481702,1.0941587849792342,6.988878436563985,28.83555424255295,28.83555424255295,0.0,7.08371101862016e-30,900.0,2.1335475839387788e-14,900.0
3.4200000000000026,-2.354387479828257,3.445075020722474,23.578756560723672,0.8310982965954956,0.8311013818860395,0.0,0.11444581951681225,0.81294290720367,7.39432793340863,28.83555424255295,28.83555424255295,0.0,8.784735227536885e-30,900.0,2.2329384299695984e-14,900.0
3.4800000000000026,-2.384141107682743,3.5055249252362226,24.01777602677429,2.5612315511486727,2.5612346364392167,0.0,-1.165164398657183,0.939077735965155,7.1597420564528536,28.83555424255295,28.83555424255295,0.0,1.3153586935757805e-29,900.0,9.414874885564292e-14,900.0
3.5400000000000027,-2.4640155368916115,3.5537906475877343,24.462365570398067,4.29136480570185,4.291367890992394,0.0,-1.1565171004066168,0.9471340492713851,7.654124402998404,28.83555424255295,28.83555424255295,0.0,2.56478408768908e-32,900.0,1.3103248175350916e-15,900.0
3.6000000000000028,-2.493079229391905,3.614892749951127,24.908607213679762,6.021498060255027,6.021501145545571,0.0,0.12566823757359874,0.7989261481439389,7.316587172166512,28.83555424255295,28.83555424255295,0.0,4.043600943682437e-32,900.0,1.4525621899280595e-15,900.0
3.660000000000003,-2.487786862423975,3.663158644650135,25.36447771738967,1.4684460076286179,1.4684490929191618,0.0,-0.2754187590623464,1.0318894586197291,7.732946262454678,28.83555424255295,28.83555424255295,0.0,4.5582899696956246e-32,900.0,1.4530498691474412e-15,900.0
3.720000000000003,-2.543658825688819,3.719849471716968,25.819476981221648,3.198579262181795,3.198582347472339,0.0,-1.4131852683879165,0.7021653644434561,7.644511632631106,28.83555424255295,28.83555424255295,0.0,4.335480018235913e-35,900.0,5.842052411661914e-17,900.0
3.780000000000003,-2.614001881838301,3.771561291690982,26.291102933228085,4.928712516734972,4.928715602025516,0.0,-0.6436230079052853,1.1138064158938286,7.814727645196658,28.83555424255295,28.83555424255295,0.0,1.3703381643952213e-34,900.0,8.34906347125375e-17,900.0
3.840000000000003,-2.6180656050924473,3.8245191649313504,26.7532633001513,0.375660464108563,0.37566354939910696,0.0,0.24878007313577732,0.6652304053775995,7.872618534553436,28.83555424255295,28.83555424255295,0.0,1.675352201345349e-34,900.0,8.399952284282502e-17,900.0
3.900000000000003,-2.6280988618740673,3.8782970304977566,27.232367230850198,2.10579371866174,2.105796803952284,0.0,-0.7974463160268656,1.0412799978140543,7.863776278529706,28.83555424255295,28.83555424255295,0.0,2.1690617021348313e-32,900.0,1.7583045555910116e-15,900.0
3.960000000000003,-2.7019774029563077,3.926119763990825,27.708974118367152,3.8359269732149173,3.835930058505461,0.0,-1.3544527112899147,0.7199725170514933,8.20624614727447,28.83555424255295,28.83555424255295,0.0,0.0,900.0,3.515311221787536e-18,900.0
4.020000000000002,-2.7490609894377998,3.983790176130946,28.197451489717512,5.566060227768094,5.566063313058638,0.0,-0.10944452386638659,0.955990922500615,7.905843981181319,28.83555424255295,28.83555424255295,0.0,0.0,900.0,4.3258535099093654e-18,900.0
4.080000000000001,-2.740466911924134,4.028564923721827,28.683382111976268,1.0130081751416853,1.0130112604322292,0.0,0.06459290807561438,0.8115609351263797,8.35924851837112,28.83555424255295,28.83555424255295,0.0,0.0,900.0,4.187246163386305e-18,900.0
4.14,-2.775743015836346,4.084819072729567,29.177324633960605,2.7431414296948624,2.7431445149854063,0.0,-1.2292500894424372,0.7901507862208178,8.121917291139791,28.83555424255295,28.83555424255295,0.0,0.0,900.0,1.6978787008241026e-17,900.0
4.199999999999998,-2.852228782472449,4.129320171371783,29.680432619380866,4.4732746842480395,4.4732777695385835,0.0,-0.9856017049656924,0.952310538385404,8.554694791753167,28.83555424255295,28.83555424255295,0.0,0.0,900.0,1.8446598118905907e-19,900.0
4.259999999999997,-2.8710937837497044,4.18490486485493,30.179555563456294,6.203407938801217,6.203411024091761,0.0,0.22699710190494826,0.6645206919480223,8.275056139595465,28.83555424255295,28.83555424255295,0.0,0.0,900.0,1.9711502032106683e-19,900.0
4.319999999999996,-2.8665945841945284,4.2302854467268425,30.69086847111237,1.6503558861748076,1.6503589714653515,0.0,-0.38439999421004845,0.994032626861408,8.574053040479038,28.83555424255295,28.83555424255295,0.0,0.0,900.0,1.8438789016935523e-19,900.0
4.379999999999995,-2.92658347695071,4.280294333440512,31.19925720750899,3.3804891407279847,3.3804922260185286,0.0,-1.3860222349760674,0.6107587627709943,8.604170361563126,28.83555424255295,28.83555424255295,0.0,0.0,900.0,6.243230895465289e-21,900.0
4.439999999999993,-2.98900410522962,4.3299436945164915,31.723818279479687,5.110622395281162,5.110625480571706,0.0,-0.4453316312211348,1.0371436446903657,8.60283788295186,28.83555424255295,28.83555424255295,0.0,0.0,900.0,8.6959195586034e-21,900.0
4.499999999999992,-2.985689364461406,4.375898714944345,32.238030638295,0.5575703426547527,0.5575734279452966,0.0,0.2626616514674676,0.614709266227596,8.784267277382272,28.83555424255295,28.83555424255295,0.0,0.0,900.0,7.852932849325934e-21,900.0
4.559999999999991,-3.0001560597336527,4.426761102837583,32.76718988898612,2.28770359720793,2.2877066824984738,0.0,-0.9040445562186079,0.9114481468589473,8.6697581753723,28.83555424255295,28.83555424255295,0.0,0.0,900.0,1.5163226169529132e-19,900.0
4.6199999999999894,-3.0741451413087293,4.468400640423647,33.296468992972514,4.017836851761107,4.017839937051651,0.0,-1.239089512280623,0.704918472891338,9.081972707326958,28.83555424255295,28.83555424255295,0.0,0.0,900.0,2.5679300584987084e-22,900.0
4.679999999999988,-3.1108348919584894,4.522295338007834,33.83223792730292,5.747970106314284,5.747973191604828,0.0,0.05471844290895311,0.7925660112024592,8.70688200976252,28.83555424255295,28.83555424255295,0.0,0.0,900.0,3.1498483882554956e-22,900.0
4.739999999999987,-3.099519277543665,4.561906879683229,34.36877859898043,1.194918053687875,1.194921138978419,0.0,-0.0066859832617625625,0.8012790187881622,9.158096778269973,28.83555424255295,28.83555424255295,0.0,0.0,900.0,2.788195421801285e-22,900.0
4.799999999999986,-3.1401775115825457,4.612573543943703,34.90932173436121,2.925051308241052,2.925054393531596,0.0,-1.265433629872811,0.6416127944851345,8.96404406741197,28.83555424255295,28.83555424255295,0.0,0.0,900.0,7.616684753875909e-24,900.0
4.859999999999984,-3.2118097922116577,4.65351298066609,35.46182265699065,4.655184562794229,4.655187648084773,0.0,-0.799697371788607,0.9345343434713662,9.284981685135095,28.83555424255295,28.83555424255295,0.0,0.0,900.0,9.448467896314317e-24,900.0
4.919999999999983,-3.220983979068983,4.702291256163878,36.0057309893004,0.1021325101678201,0.10213559545836404,0.0,0.30144038090934056,0.5457725899131822,9.100881082181754,28.83555424255295,28.83555424255295,0.0,0.0,900.0,9.99240800084774e-24,900.0
4.979999999999982,-3.2184655492430503,4.744603407732431,36.56339237451642,1.8322657647209972,1.8322688500115412,0.0,-0.4983102067354488,0.9222898029173674,9.270727899858294,28.83555424255295,28.83555424255295,0.0,0.0,900.0,2.0156528301568025e-22,900.0
5.0399999999999805,-3.2815721379918967,4.787245150300722,37.1175253151706,3.5623990192741743,3.5624021045647183,0.0,-1.3342398648397757,0.5336734384435536,9.418414547164954,28.83555424255295,28.83555424255295,0.0,0.0,900.0,2.4773723133445374e-25,900.0
5.099999999999979,-3.3350818217719898,4.834182108000639,37.68566939434475,5.2925322738273515,5.292535359117895,0.0,-0.24911614608532495,0.9201277946045769,9.256677324528312,28.83555424255295,28.83555424255295,0.0,0.0,900.0,3.1717518409852944e-25,900.0
5.159999999999978,-3.3256054722070667,4.872890487974979,38.24427986202316,0.7394802212009424,0.7394833064914863,0.0,0.2534631816257136,0.5746477480165564,9.545318848117553,28.83555424255295,28.83555424255295,0.0,0.0,900.0,2.8640401281286356e-25,900.0
5.219999999999977,-3.3450753845876458,4.919731742196841,38.81495597254626,2.4696134757541195,2.4696165610446634,0.0,-0.9968810307251038,0.7559706408227658,9.364051823598901,28.83555424255295,28.83555424255295,0.0,0.0,900.0,7.954339408023462e-25,900.0
5.279999999999975,-3.4177507586078453,4.955421953032305,39.38892811547829,4.199746730307297,4.1997498155978406,0.0,-1.0988677661276238,0.6941931990213188,9.797291457065688,28.83555424255295,28.83555424255295,0.0,0.0,900.0,7.40548952566058e-27,900.0
5.339999999999974,-3.443915987788128,5.004154975689094,39.96364460639607,5.929879984860474,5.929883070151018,0.0,0.19448049466801337,0.6205591905523806,9.40420548208799,28.83555424255295,28.83555424255295,0.0,0.0,900.0,9.457251258522322e-27,900.0
5.399999999999973,-3.4312994681564613,5.038907319800937,40.54264949445982,1.3768279322340646,1.3768310175246086,0.0,-0.09703813965695246,0.7747046343206734,9.804241344150107,28.83555424255295,28.83555424255295,0.0,0.0,900.0,7.539920976522765e-27,900.0
5.4599999999999715,-3.4769848177427902,5.082824230958283,41.12233240998568,3.1069611867872418,3.1069642720777857,0.0,-1.2738486537069114,0.5038944438616078,9.686656951985592,28.83555424255295,28.83555424255295,0.0,0.0,900.0,1.7545273552734974e-28,900.0
5.51999999999997,-3.542463834684703,5.120354829380741,41.715563411745954,4.837094441340419,4.837097526630963,0.0,-0.6055511904268134,0.8871749434140533,9.863102466636619,28.83555424255295,28.83555424255295,0.0,0.0,900.0,2.0172465886235199e-28,900.0
5.579999999999969,-3.542764757051901,5.161398788972726,42.297072409802304,0.2840423887140098,0.2840454740045537,0.0,0.3512936630312751,0.4454319271971251,9.796364965813261,28.83555424255295,28.83555424255295,0.0,0.0,900.0,2.2451535548931493e-28,900.0
5.639999999999968,-3.5433319808114883,5.200298532077289,42.89275023235405,2.014175643267187,2.014178728557731,0.0,-0.6134124611275937,0.8176936943389838,9.84396744042558,28.83555424255295,28.83555424255295,0.0,0.0,900.0,4.335927743228626e-27,900.0
5.699999999999966,-3.6084450208208008,5.235299761886065,43.48564741247778,3.744308897820364,3.744311983110908,0.0,-1.259790265978538,0.4716055902040256,10.096838297602481,28.83555424255295,28.83555424255295,0.0,0.0,900.0,4.247696044549465e-30,900.0
5.759999999999965,-3.6523218254941177,5.278688060788064,44.08895357077973,5.474442152373541,5.474445237664085,0.0,-0.06154030288876533,0.7669924339196179,9.80213412879304,28.83555424255295,28.83555424255295,0.0,0.0,900.0,5.119518262915918e-30,900.0
5.819999999999964,-3.6380596386772064,5.310288612265962,44.6849766569711,0.921390099747132,0.921393185037676,0.0,0.2188398115040565,0.5419249207257427,10.167559403114428,28.83555424255295,28.83555424255295,0.0,0.0,900.0,4.877071894781985e-30,900.0
5.879999999999963,-3.662908369893971,5.3519977382392225,45.28970294059347,2.651523354300309,2.651526439590853,0.0,-1.0697250280084278,0.5871126240446974,9.96253399150601,28.83555424255295,28.83555424255295,0.0,0.0,900.0,1.1289465048574093e-29,900.0
5.939999999999961,-3.732888795329116,5.382181989931386,45.90092944376313,4.381656608853486,4.38165969414403,0.0,-0.9372456011770014,0.680786172643103,10.36212583193434,28.83555424255295,28.83555424255295,0.0,0.0,900.0,9.720318539950979e-32,900.0
5.99999999999996,-3.7487413735681967,5.424488683634809,46.50741211321637,6.111789863406663,6.111792948697207,0.0,0.3052621271257064,0.4568235740343005,10.005379266149758,28.83555424255295,28.83555424255295,0.0,0.0,900.0,1.1879274370214998e-31,900.0
6.059999999999959,-3.7362428021683107,5.454720870255139,47.12142012761634,1.5587378107802543,1.5587408960707982,0.0,-0.2018590825634989,0.7260687845565033,10.317253061993569,28.83555424255295,28.83555424255295,0.0,0.0,900.0,9.850593289128035e-32,900.0
6.1199999999999575,-3.7863895605961924,5.49102923759054,47.73377520123003,3.2888710653334314,3.2888741506239754,0.0,-1.257937976986106,0.38203982465812947,10.294481185512828,28.83555424255295,28.83555424255295,0.0,0.0,900.0,1.8786341128528934e-33,900.0
6.179999999999956,-3.844593389040607,5.5251766074437105,48.3598371217866,5.019004319886609,5.0190074051771525,0.0,-0.40870107628341246,0.8059836396794251,10.313429139112458,28.83555424255295,28.83555424255295,0.0,0.0,900.0,2.0746250206494627e-33,900.0
